{
 "cells": [
  {
   "cell_type": "markdown",
   "metadata": {},
   "source": [
    "We're here today to examine my Spotify playlist entitled <a href=https://open.spotify.com/playlist/6NEO9UMjh1buQqiRTqurLa>Electronic, Trap, Chiptune, etc.</a>\n",
    "\n",
    "For this notebook, I want to know what type of characteristics of a song will fit in my playlist.\n",
    "\n",
    "We will be comparing this to songs from a more recent playlist from  <a href=https://open.spotify.com/playlist/5JGIEOoHqA3x8ODIV2mBpf>KISS FM UK | Playlist 2020</a>\n",
    "\n",
    "Big thanks to https://github.com/nabehrens as this was inspired by his/her work.\n",
    "\n"
   ]
  },
  {
   "cell_type": "markdown",
   "metadata": {},
   "source": [
    "# Import"
   ]
  },
  {
   "cell_type": "code",
   "execution_count": 1,
   "metadata": {},
   "outputs": [
    {
     "name": "stderr",
     "output_type": "stream",
     "text": [
      "\n",
      "Bad key \"text.kerning_factor\" on line 4 in\n",
      "/Users/Verne/opt/anaconda3/lib/python3.7/site-packages/matplotlib/mpl-data/stylelib/_classic_test_patch.mplstyle.\n",
      "You probably need to get an updated matplotlibrc file from\n",
      "https://github.com/matplotlib/matplotlib/blob/v3.1.3/matplotlibrc.template\n",
      "or from the matplotlib source distribution\n"
     ]
    }
   ],
   "source": [
    "import pandas as pd #Dataframe, Series\n",
    "import numpy as np\n",
    "\n",
    "from sklearn import tree\n",
    "from sklearn.tree import DecisionTreeClassifier\n",
    "from sklearn.model_selection import train_test_split\n",
    "from sklearn.metrics import classification_report\n",
    "from sklearn.model_selection import cross_val_score\n",
    "\n",
    "from matplotlib import pyplot as plt\n",
    "import seaborn as sns\n",
    "\n",
    "import graphviz\n",
    "import pydotplus\n",
    "import io\n",
    "\n",
    "from scipy import misc\n",
    "\n",
    "from sklearn.metrics import accuracy_score\n",
    "\n",
    "import spotipy\n",
    "import spotipy.util as util\n",
    "import spotipy.oauth2 as oauth2\n",
    "\n",
    "%matplotlib inline\n",
    "\n",
    "import warnings\n",
    "warnings.filterwarnings('ignore')"
   ]
  },
  {
   "cell_type": "markdown",
   "metadata": {},
   "source": [
    "# Spotify Login"
   ]
  },
  {
   "cell_type": "code",
   "execution_count": 2,
   "metadata": {},
   "outputs": [],
   "source": [
    "# credentials.\n",
    "user_id = 'Electronic, Trap, Chiptune, etc.'\n",
    "playlist_id = '6NEO9UMjh1buQqiRTqurLa'\n",
    "\n",
    "uk_id = 'KISS FM UK | Playlist 2020'\n",
    "uk_playlist_id = '5JGIEOoHqA3x8ODIV2mBpf'\n",
    "\n",
    "client_id = '5c8bd4e114b6410595f6a14d1e37caec'\n",
    "client_secret = 'ae06517528314243a7a7f52110c989e5'\n",
    "\n"
   ]
  },
  {
   "cell_type": "code",
   "execution_count": 3,
   "metadata": {},
   "outputs": [
    {
     "name": "stdout",
     "output_type": "stream",
     "text": [
      "\n",
      "\n"
     ]
    }
   ],
   "source": [
    "# had to change this to the more recent version to get this to work instead of the redirect uri one.\n",
    "credentials = oauth2.SpotifyClientCredentials(\n",
    "        client_id=client_id,\n",
    "        client_secret=client_secret)\n",
    "\n",
    "token = credentials.get_access_token()"
   ]
  },
  {
   "cell_type": "code",
   "execution_count": 4,
   "metadata": {},
   "outputs": [],
   "source": [
    "sp = spotipy.Spotify(auth=token)"
   ]
  },
  {
   "cell_type": "code",
   "execution_count": 5,
   "metadata": {},
   "outputs": [],
   "source": [
    "own_playlist = sp.user_playlist(user_id, playlist_id)\n",
    "uk_playlist = sp.user_playlist(uk_id, uk_playlist_id)"
   ]
  },
  {
   "cell_type": "code",
   "execution_count": 6,
   "metadata": {},
   "outputs": [
    {
     "name": "stdout",
     "output_type": "stream",
     "text": [
      "108\n"
     ]
    }
   ],
   "source": [
    "# own playlist.\n",
    "own_tracks = own_playlist[\"tracks\"]\n",
    "own_songs = own_tracks[\"items\"] \n",
    "while own_tracks['next']:\n",
    "    own_tracks = sp.next(own_tracks)\n",
    "    for item in own_tracks[\"items\"]:\n",
    "        own_songs.append(item)\n",
    "own_ids = [] \n",
    "print(len(own_songs))\n",
    "for i in range(len(own_songs)):\n",
    "    own_ids.append(own_songs[i]['track']['id'])\n",
    "# own_tracks"
   ]
  },
  {
   "cell_type": "code",
   "execution_count": 7,
   "metadata": {},
   "outputs": [
    {
     "name": "stdout",
     "output_type": "stream",
     "text": [
      "99\n"
     ]
    }
   ],
   "source": [
    "# uk playlist\n",
    "uk_tracks = uk_playlist[\"tracks\"]\n",
    "uk_songs = uk_tracks[\"items\"] \n",
    "while uk_tracks['next']:\n",
    "    uk_tracks = sp.next(uk_tracks)\n",
    "    for item in uk_tracks[\"items\"]:\n",
    "        uk_songs.append(item)\n",
    "uk_ids = [] \n",
    "print(len(uk_songs))\n",
    "for i in range(len(uk_songs)):\n",
    "    uk_ids.append(uk_songs[i]['track']['id'])\n",
    "\n"
   ]
  },
  {
   "cell_type": "code",
   "execution_count": 8,
   "metadata": {},
   "outputs": [],
   "source": [
    "own_artist_pop = []\n",
    "uk_artist_pop = []\n",
    "for i in range(0,len(own_tracks)):\n",
    "    own_tracks"
   ]
  },
  {
   "cell_type": "markdown",
   "metadata": {},
   "source": [
    "# Merge both playlists"
   ]
  },
  {
   "cell_type": "code",
   "execution_count": 9,
   "metadata": {},
   "outputs": [
    {
     "name": "stdout",
     "output_type": "stream",
     "text": [
      "retrying ...3secs\n"
     ]
    }
   ],
   "source": [
    "features = []\n",
    "inSavedTracks = []\n",
    "j = 0\n",
    "for i in range(0,len(own_ids),50):\n",
    "    audio_features = sp.audio_features(own_ids[i:i+50])\n",
    "    for track in audio_features:\n",
    "        features.append(track)\n",
    "        track = own_songs[j]\n",
    "        j= j+1\n",
    "        features[-1]['artist'] = track['track']['artists'][0]['name']\n",
    "        features[-1]['name'] = track['track']['name']\n",
    "        features[-1]['trackPopularity'] = track['track']['popularity']\n",
    "        features[-1]['artistPopularity'] = sp.artist(track['track']['artists'][0]['id'])['popularity']\n",
    "        features[-1]['liked'] = 1\n",
    "j = 0\n",
    "for i in range(0,len(uk_ids),50):\n",
    "    audio_features = sp.audio_features(uk_ids[i:i+50])\n",
    "    for track in audio_features:\n",
    "        features.append(track)\n",
    "        track = own_songs[j]\n",
    "        j= j+1\n",
    "        features[-1]['artist'] = track['track']['artists'][0]['name']\n",
    "        features[-1]['name'] = track['track']['name']\n",
    "        features[-1]['trackPopularity'] = track['track']['popularity']\n",
    "        features[-1]['artistPopularity'] = sp.artist(track['track']['artists'][0]['id'])['popularity']\n",
    "        features[-1]['liked'] = 0"
   ]
  },
  {
   "cell_type": "code",
   "execution_count": 14,
   "metadata": {},
   "outputs": [
    {
     "data": {
      "text/html": [
       "<div>\n",
       "<style scoped>\n",
       "    .dataframe tbody tr th:only-of-type {\n",
       "        vertical-align: middle;\n",
       "    }\n",
       "\n",
       "    .dataframe tbody tr th {\n",
       "        vertical-align: top;\n",
       "    }\n",
       "\n",
       "    .dataframe thead th {\n",
       "        text-align: right;\n",
       "    }\n",
       "</style>\n",
       "<table border=\"1\" class=\"dataframe\">\n",
       "  <thead>\n",
       "    <tr style=\"text-align: right;\">\n",
       "      <th></th>\n",
       "      <th>danceability</th>\n",
       "      <th>energy</th>\n",
       "      <th>key</th>\n",
       "      <th>loudness</th>\n",
       "      <th>mode</th>\n",
       "      <th>speechiness</th>\n",
       "      <th>acousticness</th>\n",
       "      <th>instrumentalness</th>\n",
       "      <th>liveness</th>\n",
       "      <th>valence</th>\n",
       "      <th>...</th>\n",
       "      <th>uri</th>\n",
       "      <th>track_href</th>\n",
       "      <th>analysis_url</th>\n",
       "      <th>duration_ms</th>\n",
       "      <th>time_signature</th>\n",
       "      <th>artist</th>\n",
       "      <th>name</th>\n",
       "      <th>trackPopularity</th>\n",
       "      <th>artistPopularity</th>\n",
       "      <th>liked</th>\n",
       "    </tr>\n",
       "  </thead>\n",
       "  <tbody>\n",
       "    <tr>\n",
       "      <td>0</td>\n",
       "      <td>0.276</td>\n",
       "      <td>0.796</td>\n",
       "      <td>0</td>\n",
       "      <td>-4.499</td>\n",
       "      <td>1</td>\n",
       "      <td>0.0579</td>\n",
       "      <td>0.00293</td>\n",
       "      <td>0.000000</td>\n",
       "      <td>0.1840</td>\n",
       "      <td>0.260</td>\n",
       "      <td>...</td>\n",
       "      <td>spotify:track:3ISYGHoYnu4gos6JNMfL4z</td>\n",
       "      <td>https://api.spotify.com/v1/tracks/3ISYGHoYnu4g...</td>\n",
       "      <td>https://api.spotify.com/v1/audio-analysis/3ISY...</td>\n",
       "      <td>218965</td>\n",
       "      <td>4</td>\n",
       "      <td>Porter Robinson</td>\n",
       "      <td>Shelter</td>\n",
       "      <td>3</td>\n",
       "      <td>66</td>\n",
       "      <td>1</td>\n",
       "    </tr>\n",
       "    <tr>\n",
       "      <td>1</td>\n",
       "      <td>0.586</td>\n",
       "      <td>0.853</td>\n",
       "      <td>1</td>\n",
       "      <td>-2.798</td>\n",
       "      <td>1</td>\n",
       "      <td>0.0498</td>\n",
       "      <td>0.00708</td>\n",
       "      <td>0.003110</td>\n",
       "      <td>0.4010</td>\n",
       "      <td>0.467</td>\n",
       "      <td>...</td>\n",
       "      <td>spotify:track:72yrTOnehmi3S82axqhEkF</td>\n",
       "      <td>https://api.spotify.com/v1/tracks/72yrTOnehmi3...</td>\n",
       "      <td>https://api.spotify.com/v1/audio-analysis/72yr...</td>\n",
       "      <td>188200</td>\n",
       "      <td>3</td>\n",
       "      <td>Wolfgang Gartner</td>\n",
       "      <td>Redline - Radio Edit</td>\n",
       "      <td>10</td>\n",
       "      <td>52</td>\n",
       "      <td>1</td>\n",
       "    </tr>\n",
       "    <tr>\n",
       "      <td>2</td>\n",
       "      <td>0.582</td>\n",
       "      <td>0.603</td>\n",
       "      <td>1</td>\n",
       "      <td>-6.776</td>\n",
       "      <td>1</td>\n",
       "      <td>0.0295</td>\n",
       "      <td>0.25200</td>\n",
       "      <td>0.000613</td>\n",
       "      <td>0.0706</td>\n",
       "      <td>0.307</td>\n",
       "      <td>...</td>\n",
       "      <td>spotify:track:70ZvEYmbe5jMKv6xJr97Yc</td>\n",
       "      <td>https://api.spotify.com/v1/tracks/70ZvEYmbe5jM...</td>\n",
       "      <td>https://api.spotify.com/v1/audio-analysis/70Zv...</td>\n",
       "      <td>226099</td>\n",
       "      <td>4</td>\n",
       "      <td>Qreepz</td>\n",
       "      <td>Wednesday</td>\n",
       "      <td>19</td>\n",
       "      <td>19</td>\n",
       "      <td>1</td>\n",
       "    </tr>\n",
       "    <tr>\n",
       "      <td>3</td>\n",
       "      <td>0.706</td>\n",
       "      <td>0.321</td>\n",
       "      <td>4</td>\n",
       "      <td>-12.920</td>\n",
       "      <td>1</td>\n",
       "      <td>0.2140</td>\n",
       "      <td>0.61900</td>\n",
       "      <td>0.639000</td>\n",
       "      <td>0.1200</td>\n",
       "      <td>0.105</td>\n",
       "      <td>...</td>\n",
       "      <td>spotify:track:6ECka4UKqtJvFpJUYcbWZY</td>\n",
       "      <td>https://api.spotify.com/v1/tracks/6ECka4UKqtJv...</td>\n",
       "      <td>https://api.spotify.com/v1/audio-analysis/6ECk...</td>\n",
       "      <td>271315</td>\n",
       "      <td>4</td>\n",
       "      <td>Kimyan Law</td>\n",
       "      <td>Eclairage</td>\n",
       "      <td>23</td>\n",
       "      <td>31</td>\n",
       "      <td>1</td>\n",
       "    </tr>\n",
       "    <tr>\n",
       "      <td>4</td>\n",
       "      <td>0.780</td>\n",
       "      <td>0.763</td>\n",
       "      <td>6</td>\n",
       "      <td>-3.908</td>\n",
       "      <td>1</td>\n",
       "      <td>0.0631</td>\n",
       "      <td>0.00425</td>\n",
       "      <td>0.614000</td>\n",
       "      <td>0.6510</td>\n",
       "      <td>0.351</td>\n",
       "      <td>...</td>\n",
       "      <td>spotify:track:6sZmgTsyiF9ObnEniMISIc</td>\n",
       "      <td>https://api.spotify.com/v1/tracks/6sZmgTsyiF9O...</td>\n",
       "      <td>https://api.spotify.com/v1/audio-analysis/6sZm...</td>\n",
       "      <td>371000</td>\n",
       "      <td>4</td>\n",
       "      <td>Zedd</td>\n",
       "      <td>The Legend Of Zelda - Original Mix</td>\n",
       "      <td>0</td>\n",
       "      <td>82</td>\n",
       "      <td>1</td>\n",
       "    </tr>\n",
       "    <tr>\n",
       "      <td>...</td>\n",
       "      <td>...</td>\n",
       "      <td>...</td>\n",
       "      <td>...</td>\n",
       "      <td>...</td>\n",
       "      <td>...</td>\n",
       "      <td>...</td>\n",
       "      <td>...</td>\n",
       "      <td>...</td>\n",
       "      <td>...</td>\n",
       "      <td>...</td>\n",
       "      <td>...</td>\n",
       "      <td>...</td>\n",
       "      <td>...</td>\n",
       "      <td>...</td>\n",
       "      <td>...</td>\n",
       "      <td>...</td>\n",
       "      <td>...</td>\n",
       "      <td>...</td>\n",
       "      <td>...</td>\n",
       "      <td>...</td>\n",
       "      <td>...</td>\n",
       "    </tr>\n",
       "    <tr>\n",
       "      <td>202</td>\n",
       "      <td>0.676</td>\n",
       "      <td>0.771</td>\n",
       "      <td>8</td>\n",
       "      <td>-3.675</td>\n",
       "      <td>1</td>\n",
       "      <td>0.0483</td>\n",
       "      <td>0.02370</td>\n",
       "      <td>0.000007</td>\n",
       "      <td>0.1020</td>\n",
       "      <td>0.569</td>\n",
       "      <td>...</td>\n",
       "      <td>spotify:track:3jjujdWJ72nww5eGnfs2E7</td>\n",
       "      <td>https://api.spotify.com/v1/tracks/3jjujdWJ72nw...</td>\n",
       "      <td>https://api.spotify.com/v1/audio-analysis/3jju...</td>\n",
       "      <td>207133</td>\n",
       "      <td>4</td>\n",
       "      <td>Kacey Musgraves</td>\n",
       "      <td>High Horse</td>\n",
       "      <td>68</td>\n",
       "      <td>75</td>\n",
       "      <td>0</td>\n",
       "    </tr>\n",
       "    <tr>\n",
       "      <td>203</td>\n",
       "      <td>0.774</td>\n",
       "      <td>0.747</td>\n",
       "      <td>1</td>\n",
       "      <td>-3.908</td>\n",
       "      <td>0</td>\n",
       "      <td>0.0820</td>\n",
       "      <td>0.02410</td>\n",
       "      <td>0.000006</td>\n",
       "      <td>0.3420</td>\n",
       "      <td>0.833</td>\n",
       "      <td>...</td>\n",
       "      <td>spotify:track:6fenHIxXuuzKB55wY4WCHP</td>\n",
       "      <td>https://api.spotify.com/v1/tracks/6fenHIxXuuzK...</td>\n",
       "      <td>https://api.spotify.com/v1/audio-analysis/6fen...</td>\n",
       "      <td>168125</td>\n",
       "      <td>4</td>\n",
       "      <td>AdhesiveWombat</td>\n",
       "      <td>8 Bit Adventure</td>\n",
       "      <td>37</td>\n",
       "      <td>36</td>\n",
       "      <td>0</td>\n",
       "    </tr>\n",
       "    <tr>\n",
       "      <td>204</td>\n",
       "      <td>0.795</td>\n",
       "      <td>0.779</td>\n",
       "      <td>11</td>\n",
       "      <td>-5.413</td>\n",
       "      <td>1</td>\n",
       "      <td>0.1770</td>\n",
       "      <td>0.10900</td>\n",
       "      <td>0.000014</td>\n",
       "      <td>0.0836</td>\n",
       "      <td>0.783</td>\n",
       "      <td>...</td>\n",
       "      <td>spotify:track:584UC3Qpm8SbYd7aRWKREu</td>\n",
       "      <td>https://api.spotify.com/v1/tracks/584UC3Qpm8Sb...</td>\n",
       "      <td>https://api.spotify.com/v1/audio-analysis/584U...</td>\n",
       "      <td>211787</td>\n",
       "      <td>4</td>\n",
       "      <td>Kaskade</td>\n",
       "      <td>Steppin' Out</td>\n",
       "      <td>29</td>\n",
       "      <td>71</td>\n",
       "      <td>0</td>\n",
       "    </tr>\n",
       "    <tr>\n",
       "      <td>205</td>\n",
       "      <td>0.531</td>\n",
       "      <td>0.750</td>\n",
       "      <td>10</td>\n",
       "      <td>-5.831</td>\n",
       "      <td>0</td>\n",
       "      <td>0.1110</td>\n",
       "      <td>0.00632</td>\n",
       "      <td>0.000076</td>\n",
       "      <td>0.1170</td>\n",
       "      <td>0.198</td>\n",
       "      <td>...</td>\n",
       "      <td>spotify:track:57vxBYXtHMk6H1aD29V7PU</td>\n",
       "      <td>https://api.spotify.com/v1/tracks/57vxBYXtHMk6...</td>\n",
       "      <td>https://api.spotify.com/v1/audio-analysis/57vx...</td>\n",
       "      <td>200080</td>\n",
       "      <td>4</td>\n",
       "      <td>Jamiroquai</td>\n",
       "      <td>Time Won't Wait</td>\n",
       "      <td>45</td>\n",
       "      <td>69</td>\n",
       "      <td>0</td>\n",
       "    </tr>\n",
       "    <tr>\n",
       "      <td>206</td>\n",
       "      <td>0.603</td>\n",
       "      <td>0.865</td>\n",
       "      <td>9</td>\n",
       "      <td>-6.913</td>\n",
       "      <td>1</td>\n",
       "      <td>0.0340</td>\n",
       "      <td>0.00991</td>\n",
       "      <td>0.022700</td>\n",
       "      <td>0.2030</td>\n",
       "      <td>0.287</td>\n",
       "      <td>...</td>\n",
       "      <td>spotify:track:6rO7Ljvkmj4ESCIcGEsVdT</td>\n",
       "      <td>https://api.spotify.com/v1/tracks/6rO7Ljvkmj4E...</td>\n",
       "      <td>https://api.spotify.com/v1/audio-analysis/6rO7...</td>\n",
       "      <td>189498</td>\n",
       "      <td>4</td>\n",
       "      <td>Martin Garrix</td>\n",
       "      <td>These Are The Times (feat. JRM)</td>\n",
       "      <td>69</td>\n",
       "      <td>84</td>\n",
       "      <td>0</td>\n",
       "    </tr>\n",
       "  </tbody>\n",
       "</table>\n",
       "<p>207 rows × 23 columns</p>\n",
       "</div>"
      ],
      "text/plain": [
       "     danceability  energy  key  loudness  mode  speechiness  acousticness  \\\n",
       "0           0.276   0.796    0    -4.499     1       0.0579       0.00293   \n",
       "1           0.586   0.853    1    -2.798     1       0.0498       0.00708   \n",
       "2           0.582   0.603    1    -6.776     1       0.0295       0.25200   \n",
       "3           0.706   0.321    4   -12.920     1       0.2140       0.61900   \n",
       "4           0.780   0.763    6    -3.908     1       0.0631       0.00425   \n",
       "..            ...     ...  ...       ...   ...          ...           ...   \n",
       "202         0.676   0.771    8    -3.675     1       0.0483       0.02370   \n",
       "203         0.774   0.747    1    -3.908     0       0.0820       0.02410   \n",
       "204         0.795   0.779   11    -5.413     1       0.1770       0.10900   \n",
       "205         0.531   0.750   10    -5.831     0       0.1110       0.00632   \n",
       "206         0.603   0.865    9    -6.913     1       0.0340       0.00991   \n",
       "\n",
       "     instrumentalness  liveness  valence  ...  \\\n",
       "0            0.000000    0.1840    0.260  ...   \n",
       "1            0.003110    0.4010    0.467  ...   \n",
       "2            0.000613    0.0706    0.307  ...   \n",
       "3            0.639000    0.1200    0.105  ...   \n",
       "4            0.614000    0.6510    0.351  ...   \n",
       "..                ...       ...      ...  ...   \n",
       "202          0.000007    0.1020    0.569  ...   \n",
       "203          0.000006    0.3420    0.833  ...   \n",
       "204          0.000014    0.0836    0.783  ...   \n",
       "205          0.000076    0.1170    0.198  ...   \n",
       "206          0.022700    0.2030    0.287  ...   \n",
       "\n",
       "                                      uri  \\\n",
       "0    spotify:track:3ISYGHoYnu4gos6JNMfL4z   \n",
       "1    spotify:track:72yrTOnehmi3S82axqhEkF   \n",
       "2    spotify:track:70ZvEYmbe5jMKv6xJr97Yc   \n",
       "3    spotify:track:6ECka4UKqtJvFpJUYcbWZY   \n",
       "4    spotify:track:6sZmgTsyiF9ObnEniMISIc   \n",
       "..                                    ...   \n",
       "202  spotify:track:3jjujdWJ72nww5eGnfs2E7   \n",
       "203  spotify:track:6fenHIxXuuzKB55wY4WCHP   \n",
       "204  spotify:track:584UC3Qpm8SbYd7aRWKREu   \n",
       "205  spotify:track:57vxBYXtHMk6H1aD29V7PU   \n",
       "206  spotify:track:6rO7Ljvkmj4ESCIcGEsVdT   \n",
       "\n",
       "                                            track_href  \\\n",
       "0    https://api.spotify.com/v1/tracks/3ISYGHoYnu4g...   \n",
       "1    https://api.spotify.com/v1/tracks/72yrTOnehmi3...   \n",
       "2    https://api.spotify.com/v1/tracks/70ZvEYmbe5jM...   \n",
       "3    https://api.spotify.com/v1/tracks/6ECka4UKqtJv...   \n",
       "4    https://api.spotify.com/v1/tracks/6sZmgTsyiF9O...   \n",
       "..                                                 ...   \n",
       "202  https://api.spotify.com/v1/tracks/3jjujdWJ72nw...   \n",
       "203  https://api.spotify.com/v1/tracks/6fenHIxXuuzK...   \n",
       "204  https://api.spotify.com/v1/tracks/584UC3Qpm8Sb...   \n",
       "205  https://api.spotify.com/v1/tracks/57vxBYXtHMk6...   \n",
       "206  https://api.spotify.com/v1/tracks/6rO7Ljvkmj4E...   \n",
       "\n",
       "                                          analysis_url duration_ms  \\\n",
       "0    https://api.spotify.com/v1/audio-analysis/3ISY...      218965   \n",
       "1    https://api.spotify.com/v1/audio-analysis/72yr...      188200   \n",
       "2    https://api.spotify.com/v1/audio-analysis/70Zv...      226099   \n",
       "3    https://api.spotify.com/v1/audio-analysis/6ECk...      271315   \n",
       "4    https://api.spotify.com/v1/audio-analysis/6sZm...      371000   \n",
       "..                                                 ...         ...   \n",
       "202  https://api.spotify.com/v1/audio-analysis/3jju...      207133   \n",
       "203  https://api.spotify.com/v1/audio-analysis/6fen...      168125   \n",
       "204  https://api.spotify.com/v1/audio-analysis/584U...      211787   \n",
       "205  https://api.spotify.com/v1/audio-analysis/57vx...      200080   \n",
       "206  https://api.spotify.com/v1/audio-analysis/6rO7...      189498   \n",
       "\n",
       "    time_signature            artist                                name  \\\n",
       "0                4   Porter Robinson                             Shelter   \n",
       "1                3  Wolfgang Gartner                Redline - Radio Edit   \n",
       "2                4            Qreepz                           Wednesday   \n",
       "3                4        Kimyan Law                           Eclairage   \n",
       "4                4              Zedd  The Legend Of Zelda - Original Mix   \n",
       "..             ...               ...                                 ...   \n",
       "202              4   Kacey Musgraves                          High Horse   \n",
       "203              4    AdhesiveWombat                     8 Bit Adventure   \n",
       "204              4           Kaskade                        Steppin' Out   \n",
       "205              4        Jamiroquai                     Time Won't Wait   \n",
       "206              4     Martin Garrix     These Are The Times (feat. JRM)   \n",
       "\n",
       "     trackPopularity artistPopularity liked  \n",
       "0                  3               66     1  \n",
       "1                 10               52     1  \n",
       "2                 19               19     1  \n",
       "3                 23               31     1  \n",
       "4                  0               82     1  \n",
       "..               ...              ...   ...  \n",
       "202               68               75     0  \n",
       "203               37               36     0  \n",
       "204               29               71     0  \n",
       "205               45               69     0  \n",
       "206               69               84     0  \n",
       "\n",
       "[207 rows x 23 columns]"
      ]
     },
     "execution_count": 14,
     "metadata": {},
     "output_type": "execute_result"
    }
   ],
   "source": [
    "join = pd.DataFrame(features)\n",
    "join"
   ]
  },
  {
   "cell_type": "code",
   "execution_count": 15,
   "metadata": {},
   "outputs": [
    {
     "name": "stdout",
     "output_type": "stream",
     "text": [
      "<class 'pandas.core.frame.DataFrame'>\n",
      "RangeIndex: 207 entries, 0 to 206\n",
      "Data columns (total 23 columns):\n",
      "danceability        207 non-null float64\n",
      "energy              207 non-null float64\n",
      "key                 207 non-null int64\n",
      "loudness            207 non-null float64\n",
      "mode                207 non-null int64\n",
      "speechiness         207 non-null float64\n",
      "acousticness        207 non-null float64\n",
      "instrumentalness    207 non-null float64\n",
      "liveness            207 non-null float64\n",
      "valence             207 non-null float64\n",
      "tempo               207 non-null float64\n",
      "type                207 non-null object\n",
      "id                  207 non-null object\n",
      "uri                 207 non-null object\n",
      "track_href          207 non-null object\n",
      "analysis_url        207 non-null object\n",
      "duration_ms         207 non-null int64\n",
      "time_signature      207 non-null int64\n",
      "artist              207 non-null object\n",
      "name                207 non-null object\n",
      "trackPopularity     207 non-null int64\n",
      "artistPopularity    207 non-null int64\n",
      "liked               207 non-null int64\n",
      "dtypes: float64(9), int64(7), object(7)\n",
      "memory usage: 37.3+ KB\n"
     ]
    }
   ],
   "source": [
    "join.info()"
   ]
  },
  {
   "cell_type": "markdown",
   "metadata": {},
   "source": [
    "# Correlation"
   ]
  },
  {
   "cell_type": "code",
   "execution_count": 16,
   "metadata": {},
   "outputs": [],
   "source": [
    "# for the graphs.\n",
    "colors = ['#A8D3DA', '#FFA34D']\n",
    "palette = sns.color_palette(colors)\n",
    "sns.set_palette(palette)\n",
    "sns.set_style('white')"
   ]
  },
  {
   "cell_type": "code",
   "execution_count": 17,
   "metadata": {},
   "outputs": [
    {
     "data": {
      "text/html": [
       "        <script type=\"text/javascript\">\n",
       "        window.PlotlyConfig = {MathJaxConfig: 'local'};\n",
       "        if (window.MathJax) {MathJax.Hub.Config({SVG: {font: \"STIX-Web\"}});}\n",
       "        if (typeof require !== 'undefined') {\n",
       "        require.undef(\"plotly\");\n",
       "        requirejs.config({\n",
       "            paths: {\n",
       "                'plotly': ['https://cdn.plot.ly/plotly-latest.min']\n",
       "            }\n",
       "        });\n",
       "        require(['plotly'], function(Plotly) {\n",
       "            window._Plotly = Plotly;\n",
       "        });\n",
       "        }\n",
       "        </script>\n",
       "        "
      ]
     },
     "metadata": {},
     "output_type": "display_data"
    },
    {
     "data": {
      "application/vnd.plotly.v1+json": {
       "config": {
        "linkText": "Export to plot.ly",
        "plotlyServerURL": "https://plot.ly",
        "showLink": false
       },
       "data": [
        {
         "colorscale": [
          [
           0,
           "#440154"
          ],
          [
           0.1111111111111111,
           "#482878"
          ],
          [
           0.2222222222222222,
           "#3e4989"
          ],
          [
           0.3333333333333333,
           "#31688e"
          ],
          [
           0.4444444444444444,
           "#26828e"
          ],
          [
           0.5555555555555556,
           "#1f9e89"
          ],
          [
           0.6666666666666666,
           "#35b779"
          ],
          [
           0.7777777777777778,
           "#6ece58"
          ],
          [
           0.8888888888888888,
           "#b5de2b"
          ],
          [
           1,
           "#fde725"
          ]
         ],
         "reversescale": true,
         "showscale": true,
         "type": "heatmap",
         "x": [
          "danceability",
          "energy",
          "key",
          "loudness",
          "mode",
          "speechiness",
          "acousticness",
          "instrumentalness",
          "liveness",
          "valence",
          "tempo",
          "duration_ms",
          "time_signature",
          "trackPopularity",
          "artistPopularity",
          "liked"
         ],
         "y": [
          "danceability",
          "energy",
          "key",
          "loudness",
          "mode",
          "speechiness",
          "acousticness",
          "instrumentalness",
          "liveness",
          "valence",
          "tempo",
          "duration_ms",
          "time_signature",
          "trackPopularity",
          "artistPopularity",
          "liked"
         ],
         "z": [
          [
           1,
           -0.07286139704961292,
           0.12111397866866773,
           0.005694457936305874,
           -0.012879376834017794,
           0.23029206911468134,
           0.017851710744263335,
           -0.14127230393556775,
           -0.04624097662134571,
           0.4506144329033769,
           -0.29588376608830685,
           -0.19279263420138182,
           0.027371775709786897,
           0.10468761294632324,
           0.09990624614903612,
           -0.39200789515222406
          ],
          [
           -0.07286139704961292,
           1,
           0.11340431973707484,
           0.7127922935354564,
           0.010263642402028348,
           -0.16426643429742452,
           -0.5106755844196267,
           -0.17549283639209903,
           0.11545688177315487,
           0.2391268334464872,
           0.062099087871471614,
           -0.025513261028694945,
           -0.00816136602259351,
           0.08636147012050958,
           0.17045116374632022,
           0.07031132972548423
          ],
          [
           0.12111397866866773,
           0.11340431973707484,
           1,
           0.11198858470702157,
           -0.20809259051534032,
           0.033955750928375515,
           -0.02881965487376413,
           -0.0810494775151696,
           0.02247376246854641,
           0.1599771282286312,
           -0.013596139318790708,
           -0.10950116819833068,
           0.056402076393340404,
           0.0722492961182326,
           0.08461447709551204,
           -0.15936010990824853
          ],
          [
           0.005694457936305874,
           0.7127922935354564,
           0.11198858470702157,
           1,
           -0.008117288242191477,
           -0.13177386110434702,
           -0.4970009048355085,
           -0.4831000928747678,
           0.16879336039102058,
           0.30685518176307697,
           -0.08352024726867706,
           -0.19561869730350587,
           0.008785713607882432,
           0.06651283312443505,
           0.22096461801429088,
           -0.1341190270965183
          ],
          [
           -0.012879376834017794,
           0.010263642402028348,
           -0.20809259051534032,
           -0.008117288242191477,
           1,
           -0.013406880351195541,
           -0.05901951875862916,
           0.015990383482966452,
           -0.11026894577660032,
           -0.045549382885201384,
           -0.03705313777940983,
           0.0682047705883432,
           -0.0005064237049517584,
           -0.04405083775250886,
           -0.05138093060013169,
           0.02438797551310337
          ],
          [
           0.23029206911468134,
           -0.16426643429742452,
           0.033955750928375515,
           -0.13177386110434702,
           -0.013406880351195541,
           1,
           0.16345386608441614,
           -0.10837943402388321,
           -0.0910412968959417,
           0.19404377723153374,
           0.05448364412521828,
           -0.1652675644313823,
           0.03135541456907717,
           0.05383627837392203,
           -0.003990948140688772,
           -0.19772491182367502
          ],
          [
           0.017851710744263335,
           -0.5106755844196267,
           -0.02881965487376413,
           -0.4970009048355085,
           -0.05901951875862916,
           0.16345386608441614,
           1,
           0.20249004872436238,
           -0.06536973300603603,
           -0.1333311808881967,
           0.020290507223101745,
           -0.06804568375924462,
           0.021656666375570528,
           0.045081029760079036,
           -0.09544497516983988,
           0.022274699004144225
          ],
          [
           -0.14127230393556775,
           -0.17549283639209903,
           -0.0810494775151696,
           -0.4831000928747678,
           0.015990383482966452,
           -0.10837943402388321,
           0.20249004872436238,
           1,
           -0.057619341368492095,
           -0.28738707616959475,
           0.19282341415812587,
           0.47539673472880745,
           -0.06880355316326675,
           -0.08099566525231255,
           -0.23342214613105508,
           0.49082622934031334
          ],
          [
           -0.04624097662134571,
           0.11545688177315487,
           0.02247376246854641,
           0.16879336039102058,
           -0.11026894577660032,
           -0.0910412968959417,
           -0.06536973300603603,
           -0.057619341368492095,
           1,
           -0.008318439687864426,
           -0.08289393047049398,
           -0.07236225672689574,
           -0.09463310188337211,
           0.008974224244427875,
           -0.0009216389561956967,
           0.018261058208615105
          ],
          [
           0.4506144329033769,
           0.2391268334464872,
           0.1599771282286312,
           0.30685518176307697,
           -0.045549382885201384,
           0.19404377723153374,
           -0.1333311808881967,
           -0.28738707616959475,
           -0.008318439687864426,
           1,
           -0.11306992595960867,
           -0.3274719269731655,
           0.02336280715447016,
           0.15354692695451103,
           0.04369100647555165,
           -0.34025161517116065
          ],
          [
           -0.29588376608830685,
           0.062099087871471614,
           -0.013596139318790708,
           -0.08352024726867706,
           -0.03705313777940983,
           0.05448364412521828,
           0.020290507223101745,
           0.19282341415812587,
           -0.08289393047049398,
           -0.11306992595960867,
           1,
           0.047124228408004454,
           -0.06059783358288673,
           -0.13926170969516094,
           -0.0594943570652787,
           0.1919980843828566
          ],
          [
           -0.19279263420138182,
           -0.025513261028694945,
           -0.10950116819833068,
           -0.19561869730350587,
           0.0682047705883432,
           -0.1652675644313823,
           -0.06804568375924462,
           0.47539673472880745,
           -0.07236225672689574,
           -0.3274719269731655,
           0.047124228408004454,
           1,
           -0.07000240454881737,
           -0.13980009869583668,
           -0.060053587392873635,
           0.4481236989096485
          ],
          [
           0.027371775709786897,
           -0.00816136602259351,
           0.056402076393340404,
           0.008785713607882432,
           -0.0005064237049517584,
           0.03135541456907717,
           0.021656666375570528,
           -0.06880355316326675,
           -0.09463310188337211,
           0.02336280715447016,
           -0.06059783358288673,
           -0.07000240454881737,
           1,
           0.08308579420006683,
           -0.032502478591598556,
           -0.06538972989557919
          ],
          [
           0.10468761294632324,
           0.08636147012050958,
           0.0722492961182326,
           0.06651283312443505,
           -0.04405083775250886,
           0.05383627837392203,
           0.045081029760079036,
           -0.08099566525231255,
           0.008974224244427875,
           0.15354692695451103,
           -0.13926170969516094,
           -0.13980009869583668,
           0.08308579420006683,
           1,
           0.3336606560581946,
           0.02275824404263753
          ],
          [
           0.09990624614903612,
           0.17045116374632022,
           0.08461447709551204,
           0.22096461801429088,
           -0.05138093060013169,
           -0.003990948140688772,
           -0.09544497516983988,
           -0.23342214613105508,
           -0.0009216389561956967,
           0.04369100647555165,
           -0.0594943570652787,
           -0.060053587392873635,
           -0.032502478591598556,
           0.3336606560581946,
           1,
           -0.02321965210468344
          ],
          [
           -0.39200789515222406,
           0.07031132972548423,
           -0.15936010990824853,
           -0.1341190270965183,
           0.02438797551310337,
           -0.19772491182367502,
           0.022274699004144225,
           0.49082622934031334,
           0.018261058208615105,
           -0.34025161517116065,
           0.1919980843828566,
           0.4481236989096485,
           -0.06538972989557919,
           0.02275824404263753,
           -0.02321965210468344,
           1
          ]
         ]
        }
       ],
       "layout": {
        "annotations": [
         {
          "font": {
           "color": "#FFFFFF"
          },
          "showarrow": false,
          "text": "1.0",
          "x": "danceability",
          "xref": "x",
          "y": "danceability",
          "yref": "y"
         },
         {
          "font": {
           "color": "#000000"
          },
          "showarrow": false,
          "text": "-0.07",
          "x": "energy",
          "xref": "x",
          "y": "danceability",
          "yref": "y"
         },
         {
          "font": {
           "color": "#000000"
          },
          "showarrow": false,
          "text": "0.12",
          "x": "key",
          "xref": "x",
          "y": "danceability",
          "yref": "y"
         },
         {
          "font": {
           "color": "#000000"
          },
          "showarrow": false,
          "text": "0.01",
          "x": "loudness",
          "xref": "x",
          "y": "danceability",
          "yref": "y"
         },
         {
          "font": {
           "color": "#000000"
          },
          "showarrow": false,
          "text": "-0.01",
          "x": "mode",
          "xref": "x",
          "y": "danceability",
          "yref": "y"
         },
         {
          "font": {
           "color": "#000000"
          },
          "showarrow": false,
          "text": "0.23",
          "x": "speechiness",
          "xref": "x",
          "y": "danceability",
          "yref": "y"
         },
         {
          "font": {
           "color": "#000000"
          },
          "showarrow": false,
          "text": "0.02",
          "x": "acousticness",
          "xref": "x",
          "y": "danceability",
          "yref": "y"
         },
         {
          "font": {
           "color": "#000000"
          },
          "showarrow": false,
          "text": "-0.14",
          "x": "instrumentalness",
          "xref": "x",
          "y": "danceability",
          "yref": "y"
         },
         {
          "font": {
